kernel line : count latency dram_traffic smem_bk_conflicts smem_warp gmem_access_generated gmem_warp exposed_latency warp_divergence
ispass-2009-LIB.5.sm_62.ptx 1899 : 65536 327680 0 0 0 0 0 0 0 
ispass-2009-LIB.5.sm_62.ptx 1898 : 65536 393216 0 0 0 0 0 0 0 
ispass-2009-LIB.5.sm_62.ptx 1895 : 1157216 5458240 0 0 0 0 0 0 0 
ispass-2009-LIB.5.sm_62.ptx 1894 : 1157216 6943296 0 0 0 0 0 0 0 
ispass-2009-LIB.5.sm_62.ptx 1893 : 1157248 10414944 0 0 0 0 0 0 0 
ispass-2009-LIB.5.sm_62.ptx 1892 : 1157248 10414944 0 0 0 0 0 0 0 
ispass-2009-LIB.5.sm_62.ptx 1891 : 1157248 10414944 0 0 0 0 0 0 0 
ispass-2009-LIB.5.sm_62.ptx 1890 : 1157280 6972448 0 0 0 0 0 0 0 
ispass-2009-LIB.5.sm_62.ptx 1889 : 1157280 10415520 0 0 0 0 0 0 0 
ispass-2009-LIB.5.sm_62.ptx 1888 : 1157792 121514400 0 0 0 0 0 0 0 
ispass-2009-LIB.5.sm_62.ptx 1887 : 1157856 10420128 0 0 0 0 0 0 0 
ispass-2009-LIB.5.sm_62.ptx 1886 : 1157888 6947136 0 0 0 0 0 0 0 
ispass-2009-LIB.5.sm_62.ptx 1885 : 1157888 6947328 0 0 0 0 0 0 0 
ispass-2009-LIB.5.sm_62.ptx 1884 : 1157952 15052544 0 0 0 0 0 0 0 
ispass-2009-LIB.5.sm_62.ptx 1883 : 1157984 15053376 0 0 0 0 0 0 0 
ispass-2009-LIB.5.sm_62.ptx 1882 : 1157984 6947904 0 0 0 0 0 0 0 
ispass-2009-LIB.5.sm_62.ptx 1881 : 1157984 6947904 0 0 0 0 0 0 0 
ispass-2009-LIB.5.sm_62.ptx 1880 : 1157984 6947904 0 0 0 0 0 0 0 
ispass-2009-LIB.5.sm_62.ptx 1879 : 1157984 10421856 0 0 0 0 0 0 0 
ispass-2009-LIB.5.sm_62.ptx 1878 : 1158080 10421856 0 0 0 0 0 0 0 
ispass-2009-LIB.5.sm_62.ptx 1877 : 1158176 50955520 0 0 0 0 0 0 0 
ispass-2009-LIB.5.sm_62.ptx 1876 : 1158208 6949056 0 0 0 0 0 0 0 
ispass-2009-LIB.5.sm_62.ptx 1875 : 1158208 10423584 0 0 0 0 0 0 0 
ispass-2009-LIB.5.sm_62.ptx 1874 : 1158240 10423872 0 0 0 0 0 0 0 
ispass-2009-LIB.5.sm_62.ptx 1873 : 1158240 7215392 0 0 0 0 0 0 0 
ispass-2009-LIB.5.sm_62.ptx 1872 : 1158240 10424160 0 0 0 0 0 0 0 
ispass-2009-LIB.5.sm_62.ptx 1871 : 1158816 121615200 0 0 0 0 0 0 0 
ispass-2009-LIB.5.sm_62.ptx 1870 : 1158848 10429344 0 0 0 0 0 0 0 
ispass-2009-LIB.5.sm_62.ptx 1869 : 1158912 6953088 0 0 0 0 0 0 0 
ispass-2009-LIB.5.sm_62.ptx 1868 : 1158976 6953472 0 0 0 0 0 0 0 
ispass-2009-LIB.5.sm_62.ptx 1867 : 1159008 15066688 0 0 0 0 0 0 0 
ispass-2009-LIB.5.sm_62.ptx 1866 : 1159168 15067104 0 0 0 0 0 0 0 
ispass-2009-LIB.5.sm_62.ptx 1865 : 1159200 6955008 0 0 0 0 0 0 0 
ispass-2009-LIB.5.sm_62.ptx 1864 : 1159200 6955008 0 0 0 0 0 0 0 
ispass-2009-LIB.5.sm_62.ptx 1863 : 1159200 6955200 0 0 0 0 0 0 0 
ispass-2009-LIB.5.sm_62.ptx 1862 : 1159264 10432800 0 0 0 0 0 0 0 
ispass-2009-LIB.5.sm_62.ptx 1861 : 1159296 10433376 0 0 0 0 0 0 0 
ispass-2009-LIB.5.sm_62.ptx 1860 : 1159392 51009024 0 0 0 0 0 0 0 
ispass-2009-LIB.5.sm_62.ptx 1859 : 1159424 6956544 0 0 0 0 0 0 0 
ispass-2009-LIB.5.sm_62.ptx 1858 : 1159424 10434528 0 0 0 0 0 0 0 
ispass-2009-LIB.5.sm_62.ptx 1857 : 1159488 10434816 0 0 0 0 0 0 0 
ispass-2009-LIB.5.sm_62.ptx 1856 : 1159488 6968704 0 0 0 0 0 0 0 
ispass-2009-LIB.5.sm_62.ptx 1855 : 1159520 10435392 0 0 0 0 0 0 0 
ispass-2009-LIB.5.sm_62.ptx 1854 : 1160192 121749600 0 0 0 0 0 0 0 
ispass-2009-LIB.5.sm_62.ptx 1853 : 1160224 10441728 0 0 0 0 0 0 0 
ispass-2009-LIB.5.sm_62.ptx 1852 : 1160224 6961344 0 0 0 0 0 0 0 
ispass-2009-LIB.5.sm_62.ptx 1851 : 1160256 6961344 0 0 0 0 0 0 0 
ispass-2009-LIB.5.sm_62.ptx 1850 : 1160320 15083328 0 0 0 0 0 0 0 
ispass-2009-LIB.5.sm_62.ptx 1849 : 1160416 15084160 0 0 0 0 0 0 0 
ispass-2009-LIB.5.sm_62.ptx 1848 : 1160448 6962496 0 0 0 0 0 0 0 
ispass-2009-LIB.5.sm_62.ptx 1847 : 1160448 6962688 0 0 0 0 0 0 0 
ispass-2009-LIB.5.sm_62.ptx 1846 : 1160480 6962688 0 0 0 0 0 0 0 
ispass-2009-LIB.5.sm_62.ptx 1845 : 1160544 10444320 0 0 0 0 0 0 0 
ispass-2009-LIB.5.sm_62.ptx 1844 : 1160544 10444896 0 0 0 0 0 0 0 
ispass-2009-LIB.5.sm_62.ptx 1843 : 1160608 51063936 0 0 0 0 0 0 0 
ispass-2009-LIB.5.sm_62.ptx 1842 : 1160672 6963648 0 0 0 0 0 0 0 
ispass-2009-LIB.5.sm_62.ptx 1841 : 1160672 10445472 0 0 0 0 0 0 0 
ispass-2009-LIB.5.sm_62.ptx 1840 : 1160736 10446336 0 0 0 0 0 0 0 
ispass-2009-LIB.5.sm_62.ptx 1839 : 1160736 15896704 0 0 0 0 0 0 0 
ispass-2009-LIB.5.sm_62.ptx 1838 : 1160768 51820832 19584 0 0 0 0 0 0 
ispass-2009-LIB.5.sm_62.ptx 1837 : 1160768 11214080 0 0 0 0 0 0 0 
ispass-2009-LIB.5.sm_62.ptx 1836 : 1160768 48309856 20096 0 0 0 0 0 0 
ispass-2009-LIB.5.sm_62.ptx 1835 : 1160768 7717408 0 0 0 0 0 0 0 
ispass-2009-LIB.5.sm_62.ptx 1834 : 1160768 44627616 15616 0 0 0 0 0 0 
ispass-2009-LIB.5.sm_62.ptx 1833 : 1160768 4232288 0 0 0 0 0 0 0 
ispass-2009-LIB.5.sm_62.ptx 1832 : 1160768 10446624 0 0 0 0 0 0 0 
ispass-2009-LIB.5.sm_62.ptx 1831 : 1161056 121880640 0 0 0 0 0 0 0 
ispass-2009-LIB.5.sm_62.ptx 1830 : 1161056 10449504 0 0 0 0 0 0 0 
ispass-2009-LIB.5.sm_62.ptx 1829 : 1161056 6966336 0 0 0 0 0 0 0 
ispass-2009-LIB.5.sm_62.ptx 1828 : 1161056 6966336 0 0 0 0 0 0 0 
ispass-2009-LIB.5.sm_62.ptx 1827 : 1161088 15093728 0 0 0 0 0 0 0 
ispass-2009-LIB.5.sm_62.ptx 1826 : 1161088 15094144 0 0 0 0 0 0 0 
ispass-2009-LIB.5.sm_62.ptx 1825 : 1161088 6966528 0 0 0 0 0 0 0 
ispass-2009-LIB.5.sm_62.ptx 1824 : 1161088 6966528 0 0 0 0 0 0 0 
ispass-2009-LIB.5.sm_62.ptx 1823 : 1161088 6966528 0 0 0 0 0 0 0 
ispass-2009-LIB.5.sm_62.ptx 1822 : 1161120 10449792 0 0 0 0 0 0 0 
ispass-2009-LIB.5.sm_62.ptx 1821 : 1161152 10450080 0 0 0 0 0 0 0 
ispass-2009-LIB.5.sm_62.ptx 1820 : 1161248 51090688 0 0 0 0 0 0 0 
ispass-2009-LIB.5.sm_62.ptx 1819 : 1161248 6967488 0 0 0 0 0 0 0 
ispass-2009-LIB.5.sm_62.ptx 1818 : 1161248 10451232 0 0 0 0 0 0 0 
ispass-2009-LIB.5.sm_62.ptx 1817 : 1161280 44038816 13568 0 0 0 0 0 0 
ispass-2009-LIB.5.sm_62.ptx 1816 : 1161280 10451232 0 0 0 0 0 0 0 
ispass-2009-LIB.5.sm_62.ptx 1815 : 1161312 4215264 0 0 0 0 0 0 0 
ispass-2009-LIB.5.sm_62.ptx 1812 : 69632 626688 0 0 0 0 0 0 0 
ispass-2009-LIB.5.sm_62.ptx 1811 : 69632 348160 0 0 0 0 0 0 0 
ispass-2009-LIB.5.sm_62.ptx 1810 : 69632 626688 0 0 0 0 0 0 0 
ispass-2009-LIB.5.sm_62.ptx 1809 : 69632 626688 0 0 0 0 0 0 0 
ispass-2009-LIB.5.sm_62.ptx 1808 : 69632 626688 0 0 0 0 0 0 0 
ispass-2009-LIB.5.sm_62.ptx 1807 : 69632 626688 0 0 0 0 0 0 0 
ispass-2009-LIB.5.sm_62.ptx 1805 : 69632 0 0 0 0 0 0 0 0 
ispass-2009-LIB.5.sm_62.ptx 1804 : 69632 417792 0 0 0 0 0 0 0 
ispass-2009-LIB.5.sm_62.ptx 1705 : 69632 0 0 0 0 0 0 0 0 
ispass-2009-LIB.5.sm_62.ptx 1704 : 69632 417792 0 0 0 0 0 0 0 
ispass-2009-LIB.5.sm_62.ptx 1632 : 4096 20480 0 0 0 0 0 0 0 
ispass-2009-LIB.5.sm_62.ptx 1799 : 53248 479232 0 0 0 0 0 0 0 
ispass-2009-LIB.5.sm_62.ptx 1631 : 4096 24576 0 0 0 0 0 0 0 
ispass-2009-LIB.5.sm_62.ptx 1798 : 53248 5591040 0 0 0 0 0 0 0 
ispass-2009-LIB.5.sm_62.ptx 1630 : 4096 20480 0 0 0 0 0 0 0 
ispass-2009-LIB.5.sm_62.ptx 1797 : 53248 479232 0 0 0 0 0 0 0 
ispass-2009-LIB.5.sm_62.ptx 1628 : 4096 0 0 0 0 0 0 0 0 
ispass-2009-LIB.5.sm_62.ptx 1795 : 53248 319488 0 0 0 0 0 0 0 
ispass-2009-LIB.5.sm_62.ptx 1627 : 4096 24576 0 0 0 0 0 0 0 
ispass-2009-LIB.5.sm_62.ptx 1794 : 53248 319488 0 0 0 0 0 0 0 
ispass-2009-LIB.5.sm_62.ptx 1703 : 69632 626688 0 0 0 0 0 0 0 
ispass-2009-LIB.5.sm_62.ptx 1624 : 4096 36864 0 0 0 0 0 0 0 
ispass-2009-LIB.5.sm_62.ptx 1791 : 53248 319488 0 0 0 0 0 0 0 
ispass-2009-LIB.5.sm_62.ptx 1702 : 69632 626688 0 0 0 0 0 0 0 
ispass-2009-LIB.5.sm_62.ptx 1623 : 4096 20480 0 0 0 0 0 0 0 
ispass-2009-LIB.5.sm_62.ptx 1790 : 53248 479232 0 0 0 0 0 0 0 
ispass-2009-LIB.5.sm_62.ptx 1701 : 69632 626688 0 0 0 0 0 0 0 
ispass-2009-LIB.5.sm_62.ptx 1622 : 4096 24576 0 0 0 0 0 0 0 
ispass-2009-LIB.5.sm_62.ptx 1789 : 53248 479232 0 0 0 0 0 0 0 
ispass-2009-LIB.5.sm_62.ptx 1700 : 69632 417824 0 0 0 0 0 0 0 
ispass-2009-LIB.5.sm_62.ptx 1621 : 4096 24576 0 0 0 0 0 0 0 
ispass-2009-LIB.5.sm_62.ptx 1788 : 53248 2342912 0 0 0 0 0 0 0 
ispass-2009-LIB.5.sm_62.ptx 1620 : 4096 36864 0 0 0 0 0 0 0 
ispass-2009-LIB.5.sm_62.ptx 1787 : 53248 319488 0 0 0 0 0 0 0 
ispass-2009-LIB.5.sm_62.ptx 1619 : 4096 8192 0 0 0 0 0 0 0 
ispass-2009-LIB.5.sm_62.ptx 1786 : 53248 479232 0 0 0 0 0 0 0 
ispass-2009-LIB.5.sm_62.ptx 1677 : 81920 9416608 0 0 0 0 0 0 0 
ispass-2009-LIB.5.sm_62.ptx 1598 : 4096 73728 0 0 0 0 0 0 0 
ispass-2009-LIB.5.sm_62.ptx 1765 : 36864 221184 0 0 0 0 0 0 0 
ispass-2009-LIB.5.sm_62.ptx 1676 : 81920 414976 0 0 0 0 0 0 0 
ispass-2009-LIB.5.sm_62.ptx 1597 : 4096 20480 0 0 0 0 0 0 0 
ispass-2009-LIB.5.sm_62.ptx 1764 : 36864 221184 0 0 0 0 0 0 0 
ispass-2009-LIB.5.sm_62.ptx 1675 : 81920 737280 0 0 0 0 0 0 0 
ispass-2009-LIB.5.sm_62.ptx 1596 : 4096 10240 0 0 0 0 0 0 0 
ispass-2009-LIB.5.sm_62.ptx 1763 : 36864 221184 0 0 0 0 0 0 0 
ispass-2009-LIB.5.sm_62.ptx 1595 : 4096 24576 0 0 0 0 0 0 0 
ispass-2009-LIB.5.sm_62.ptx 1762 : 36864 331776 0 0 0 0 0 0 0 
ispass-2009-LIB.5.sm_62.ptx 1672 : 4096 36864 0 0 0 0 0 0 0 
ispass-2009-LIB.5.sm_62.ptx 1593 : 4096 0 0 0 0 0 0 0 0 
ispass-2009-LIB.5.sm_62.ptx 1760 : 36864 1622016 0 0 0 0 0 0 0 
ispass-2009-LIB.5.sm_62.ptx 1592 : 4096 24576 0 0 0 0 0 0 0 
ispass-2009-LIB.5.sm_62.ptx 1759 : 36864 221184 0 0 0 0 0 0 0 
ispass-2009-LIB.5.sm_62.ptx 1670 : 4096 0 0 0 0 0 0 0 0 
ispass-2009-LIB.5.sm_62.ptx 1591 : 4096 40960 0 0 0 0 0 0 0 
ispass-2009-LIB.5.sm_62.ptx 1758 : 36864 331776 0 0 0 0 0 0 0 
ispass-2009-LIB.5.sm_62.ptx 1669 : 4096 24576 0 0 0 0 0 0 0 
ispass-2009-LIB.5.sm_62.ptx 1590 : 4096 20480 0 0 0 0 0 0 0 
ispass-2009-LIB.5.sm_62.ptx 1757 : 36864 1825056 4992 0 0 0 0 0 0 
ispass-2009-LIB.5.sm_62.ptx 1668 : 4096 73728 0 0 0 0 0 0 0 
ispass-2009-LIB.5.sm_62.ptx 1589 : 4096 20480 0 0 0 0 0 0 0 
ispass-2009-LIB.5.sm_62.ptx 1756 : 36864 331776 0 0 0 0 0 0 0 
ispass-2009-LIB.5.sm_62.ptx 1667 : 4096 20480 0 0 0 0 0 0 0 
ispass-2009-LIB.5.sm_62.ptx 1588 : 4096 20480 0 0 0 0 0 0 0 
ispass-2009-LIB.5.sm_62.ptx 1755 : 36864 331776 0 0 0 0 0 0 0 
ispass-2009-LIB.5.sm_62.ptx 1583 : 4096 10240 0 0 0 0 0 0 0 
ispass-2009-LIB.5.sm_62.ptx 1750 : 36864 331776 0 0 0 0 0 0 0 
ispass-2009-LIB.5.sm_62.ptx 1582 : 4096 20480 0 0 0 0 0 0 0 
ispass-2009-LIB.5.sm_62.ptx 1749 : 36864 331776 0 0 0 0 0 0 0 
ispass-2009-LIB.5.sm_62.ptx 1584 : 4096 32768 0 0 0 0 0 0 0 
ispass-2009-LIB.5.sm_62.ptx 1751 : 36864 184320 0 0 0 0 0 0 0 
ispass-2009-LIB.5.sm_62.ptx 1585 : 4096 32768 0 0 0 0 0 0 0 
ispass-2009-LIB.5.sm_62.ptx 1752 : 36864 331776 0 0 0 0 0 0 0 
ispass-2009-LIB.5.sm_62.ptx 1586 : 4096 32768 0 0 0 0 0 0 0 
ispass-2009-LIB.5.sm_62.ptx 1753 : 36864 111616 0 0 0 0 0 0 0 
ispass-2009-LIB.5.sm_62.ptx 1587 : 4096 32768 0 0 0 0 0 0 0 
ispass-2009-LIB.5.sm_62.ptx 1754 : 36864 331776 0 0 0 0 0 0 0 
ispass-2009-LIB.5.sm_62.ptx 1678 : 81920 3137248 0 0 0 0 0 0 0 
ispass-2009-LIB.5.sm_62.ptx 1599 : 4096 10240 0 0 0 0 0 0 0 
ispass-2009-LIB.5.sm_62.ptx 1766 : 36864 221184 0 0 0 0 0 0 0 
ispass-2009-LIB.5.sm_62.ptx 1679 : 81920 11092576 0 0 0 0 0 0 0 
ispass-2009-LIB.5.sm_62.ptx 1600 : 4096 36864 0 0 0 0 0 0 0 
ispass-2009-LIB.5.sm_62.ptx 1767 : 36864 221184 0 0 0 0 0 0 0 
ispass-2009-LIB.5.sm_62.ptx 1680 : 81920 11861120 0 0 0 0 0 0 0 
ispass-2009-LIB.5.sm_62.ptx 1601 : 4096 73728 0 0 0 0 0 0 0 
ispass-2009-LIB.5.sm_62.ptx 1768 : 36864 221184 0 0 0 0 0 0 0 
ispass-2009-LIB.5.sm_62.ptx 1681 : 81920 12116096 0 0 0 0 0 0 0 
ispass-2009-LIB.5.sm_62.ptx 1602 : 4096 36864 0 0 0 0 0 0 0 
ispass-2009-LIB.5.sm_62.ptx 1769 : 36864 331776 0 0 0 0 0 0 0 
ispass-2009-LIB.5.sm_62.ptx 1682 : 81920 1993888 0 0 0 0 0 0 0 
ispass-2009-LIB.5.sm_62.ptx 1603 : 4096 24576 0 0 0 0 0 0 0 
ispass-2009-LIB.5.sm_62.ptx 1770 : 36864 3870720 0 0 0 0 0 0 0 
ispass-2009-LIB.5.sm_62.ptx 1683 : 81920 11660480 0 0 0 0 0 0 0 
ispass-2009-LIB.5.sm_62.ptx 1604 : 4096 10240 0 0 0 0 0 0 0 
ispass-2009-LIB.5.sm_62.ptx 1771 : 36864 331776 0 0 0 0 0 0 0 
ispass-2009-LIB.5.sm_62.ptx 1684 : 81920 12439712 0 0 0 0 0 0 0 
ispass-2009-LIB.5.sm_62.ptx 1605 : 4096 10240 0 0 0 0 0 0 0 
ispass-2009-LIB.5.sm_62.ptx 1772 : 36864 221280 0 0 0 0 0 0 0 
ispass-2009-LIB.5.sm_62.ptx 1685 : 81920 13009696 0 0 0 0 0 0 0 
ispass-2009-LIB.5.sm_62.ptx 1606 : 4096 36864 0 0 0 0 0 0 0 
ispass-2009-LIB.5.sm_62.ptx 1773 : 36864 331776 0 0 0 0 0 0 0 
ispass-2009-LIB.5.sm_62.ptx 1686 : 81920 12838496 0 0 0 0 0 0 0 
ispass-2009-LIB.5.sm_62.ptx 1607 : 4096 24576 0 0 0 0 0 0 0 
ispass-2009-LIB.5.sm_62.ptx 1687 : 81920 3677536 0 0 0 0 0 0 0 
ispass-2009-LIB.5.sm_62.ptx 1608 : 4096 24576 0 0 0 0 0 0 0 
ispass-2009-LIB.5.sm_62.ptx 1688 : 81920 821248 0 0 0 0 0 0 0 
ispass-2009-LIB.5.sm_62.ptx 1609 : 4096 53248 0 0 0 0 0 0 0 
ispass-2009-LIB.5.sm_62.ptx 1776 : 53248 319488 0 0 0 0 0 0 0 
ispass-2009-LIB.5.sm_62.ptx 1689 : 81920 503712 0 0 0 0 0 0 0 
ispass-2009-LIB.5.sm_62.ptx 1610 : 4096 24576 0 0 0 0 0 0 0 
ispass-2009-LIB.5.sm_62.ptx 1777 : 53248 479232 0 0 0 0 0 0 0 
ispass-2009-LIB.5.sm_62.ptx 1690 : 81920 394848 0 0 0 0 0 0 0 
ispass-2009-LIB.5.sm_62.ptx 1611 : 4096 36864 0 0 0 0 0 0 0 
ispass-2009-LIB.5.sm_62.ptx 1778 : 53248 479232 0 0 0 0 0 0 0 
ispass-2009-LIB.5.sm_62.ptx 1612 : 4096 36864 0 0 0 0 0 0 0 
ispass-2009-LIB.5.sm_62.ptx 1779 : 53248 266240 0 0 0 0 0 0 0 
ispass-2009-LIB.5.sm_62.ptx 1613 : 4096 8192 0 0 0 0 0 0 0 
ispass-2009-LIB.5.sm_62.ptx 1780 : 53248 479232 0 0 0 0 0 0 0 
ispass-2009-LIB.5.sm_62.ptx 1693 : 4096 24576 0 0 0 0 0 0 0 
ispass-2009-LIB.5.sm_62.ptx 1614 : 4096 24576 0 0 0 0 0 0 0 
ispass-2009-LIB.5.sm_62.ptx 1781 : 53248 160192 0 0 0 0 0 0 0 
ispass-2009-LIB.5.sm_62.ptx 1694 : 4096 0 0 0 0 0 0 0 0 
ispass-2009-LIB.5.sm_62.ptx 1615 : 4096 8192 0 0 0 0 0 0 0 
ispass-2009-LIB.5.sm_62.ptx 1782 : 53248 479232 0 0 0 0 0 0 0 
ispass-2009-LIB.5.sm_62.ptx 1616 : 4096 36864 0 0 0 0 0 0 0 
ispass-2009-LIB.5.sm_62.ptx 1783 : 53248 479232 0 0 0 0 0 0 0 
ispass-2009-LIB.5.sm_62.ptx 1696 : 4096 430080 0 0 0 0 0 0 0 
ispass-2009-LIB.5.sm_62.ptx 1617 : 4096 36864 0 0 0 0 0 0 0 
ispass-2009-LIB.5.sm_62.ptx 1784 : 53248 479232 0 0 0 0 0 0 0 
ispass-2009-LIB.5.sm_62.ptx 1697 : 4096 20512 0 0 0 0 0 0 0 
ispass-2009-LIB.5.sm_62.ptx 1618 : 4096 36864 0 0 0 0 0 0 0 
ispass-2009-LIB.5.sm_62.ptx 1785 : 53248 2315616 3968 0 0 0 0 0 0 
ispass-2009-LIB.5.sm_62.ptx 1707 : 69632 626688 0 0 0 0 0 0 0 
ispass-2009-LIB.5.sm_62.ptx 1708 : 69632 626688 0 0 0 0 0 0 0 
ispass-2009-LIB.5.sm_62.ptx 1709 : 69632 20874528 74112 0 0 0 0 0 0 
ispass-2009-LIB.5.sm_62.ptx 1710 : 69632 626688 0 0 0 0 0 0 0 
ispass-2009-LIB.5.sm_62.ptx 1711 : 69632 417792 0 0 0 0 0 0 0 
ispass-2009-LIB.5.sm_62.ptx 1712 : 69632 417792 0 0 0 0 0 0 0 
ispass-2009-LIB.5.sm_62.ptx 1713 : 69632 417792 0 0 0 0 0 0 0 
ispass-2009-LIB.5.sm_62.ptx 1714 : 69632 626688 0 0 0 0 0 0 0 
ispass-2009-LIB.5.sm_62.ptx 1715 : 69632 348160 0 0 0 0 0 0 0 
ispass-2009-LIB.5.sm_62.ptx 1716 : 69632 81920 0 0 0 0 0 0 0 
ispass-2009-LIB.5.sm_62.ptx 1718 : 53248 319488 0 0 0 0 0 0 0 
ispass-2009-LIB.5.sm_62.ptx 1719 : 53248 479232 0 0 0 0 0 0 0 
ispass-2009-LIB.5.sm_62.ptx 1720 : 53248 266240 0 0 0 0 0 0 0 
ispass-2009-LIB.5.sm_62.ptx 1721 : 53248 81920 0 0 0 0 0 0 0 
ispass-2009-LIB.5.sm_62.ptx 1723 : 36864 221184 0 0 0 0 0 0 0 
ispass-2009-LIB.5.sm_62.ptx 1724 : 36864 331776 0 0 0 0 0 0 0 
ispass-2009-LIB.5.sm_62.ptx 1725 : 36864 184320 0 0 0 0 0 0 0 
ispass-2009-LIB.5.sm_62.ptx 1726 : 36864 81920 0 0 0 0 0 0 0 
ispass-2009-LIB.5.sm_62.ptx 1728 : 20480 184320 0 0 0 0 0 0 0 
ispass-2009-LIB.5.sm_62.ptx 1729 : 20480 184320 0 0 0 0 0 0 0 
ispass-2009-LIB.5.sm_62.ptx 1730 : 20480 184320 0 0 0 0 0 0 0 
ispass-2009-LIB.5.sm_62.ptx 1731 : 20480 1240672 0 0 0 0 0 0 0 
ispass-2009-LIB.5.sm_62.ptx 1732 : 20480 184320 0 0 0 0 0 0 0 
ispass-2009-LIB.5.sm_62.ptx 1733 : 20480 122880 0 0 0 0 0 0 0 
ispass-2009-LIB.5.sm_62.ptx 1734 : 20480 901120 0 0 0 0 0 0 0 
ispass-2009-LIB.5.sm_62.ptx 1735 : 20480 184320 0 0 0 0 0 0 0 
ispass-2009-LIB.5.sm_62.ptx 1736 : 20480 184320 0 0 0 0 0 0 0 
ispass-2009-LIB.5.sm_62.ptx 1737 : 20480 122880 0 0 0 0 0 0 0 
ispass-2009-LIB.5.sm_62.ptx 1738 : 20480 266240 0 0 0 0 0 0 0 
ispass-2009-LIB.5.sm_62.ptx 1739 : 20480 122880 0 0 0 0 0 0 0 
ispass-2009-LIB.5.sm_62.ptx 1740 : 20480 122880 0 0 0 0 0 0 0 
ispass-2009-LIB.5.sm_62.ptx 1741 : 20480 184320 0 0 0 0 0 0 0 
ispass-2009-LIB.5.sm_62.ptx 1742 : 20480 2150400 0 0 0 0 0 0 0 
ispass-2009-LIB.5.sm_62.ptx 1743 : 20480 184320 0 0 0 0 0 0 0 
ispass-2009-LIB.5.sm_62.ptx 1744 : 20480 123104 0 0 0 0 0 0 0 
ispass-2009-LIB.5.sm_62.ptx 1745 : 20480 184320 0 0 0 0 0 0 0 
ispass-2009-LIB.5.sm_62.ptx 1748 : 36864 221184 0 0 0 0 0 0 0 
ispass-2009-LIB.5.sm_62.ptx 1761 : 36864 331776 0 0 0 0 0 0 0 
ispass-2009-LIB.5.sm_62.ptx 1792 : 53248 319488 0 0 0 0 0 0 0 
ispass-2009-LIB.5.sm_62.ptx 1793 : 53248 319488 0 0 0 0 0 0 0 
ispass-2009-LIB.5.sm_62.ptx 1796 : 53248 319488 0 0 0 0 0 0 0 
ispass-2009-LIB.5.sm_62.ptx 1800 : 53248 320096 0 0 0 0 0 0 0 
ispass-2009-LIB.5.sm_62.ptx 1801 : 53248 479232 0 0 0 0 0 0 0 
